K = [1.37974e+03 0.00000e+00 7.60345e+02 0.00000e+00 1.38208e+03 5.03405e+02 0.00000e+00 0.00000e+00 1.00000e+00]
0 = [1 0 0 0 0 1 0 0 0 0 1 0]
1 = [ -0.7336594   -0.06140543  -0.67673722   8.2769092   -0.03391324  -0.99135874   0.12671918  -1.4069645   -0.6786706    0.11591907   0.72523719 -19.84332876]
2 = [ 0.96184513 -0.02884192 -0.27207001  1.83837839  0.0230692   0.99943623 -0.02439321 -0.05654977  0.27262017  0.01718605  0.96196823 -0.13548046]
3 = [ 0.91562848 -0.04692845 -0.3992771   2.4861773   0.03344602  0.99861263 -0.04067154 -0.02633122  0.4006318   0.02388579  0.91592774  0.13369046]
4 = [ 0.85247052 -0.07089312 -0.51794611  3.26714894  0.02829361  0.99556693 -0.08969925  0.16860125  0.52200908  0.0618114   0.85069729  0.32798466]
5 = [ 0.72924291 -0.09205368 -0.67803458  4.1858369  -0.01180157  0.98906989 -0.14697441  0.5131709   0.68415312  0.11518192  0.72018583  0.70800378]
6 = [ 0.58006468 -0.11038453 -0.80705652  4.97178527 -0.03381704  0.98665811 -0.15925509  0.47740806  0.81386815  0.11967051  0.56859265  1.47778539]
7 = [ 0.39304346 -0.07982126 -0.9160488   5.53872031  0.0143874   0.996637 -0.08067031 -0.06361157  0.91940733  0.01852737  0.39287008  2.2108783 ]
8 = [ 0.15100294 -0.05257547 -0.9871342   5.72924326  0.07776823  0.99612155 -0.04115786 -0.23912678  0.98546954 -0.07055272  0.15450598  3.47523222]
9 = [-4.67149677e-02 -9.74400668e-02 -9.94144429e-01  5.98675612e+00  1.77863052e-03  9.95221271e-01 -9.76291905e-02 -1.21532349e-01  9.98906676e-01 -6.32896009e-03 -4.63184196e-02  4.33859809e+00]
