K = [1.37974e+03 0.00000e+00 7.60345e+02 0.00000e+00 1.38208e+03 5.03405e+02 0.00000e+00 0.00000e+00 1.00000e+00]
0 = [1 0 0 0 0 1 0 0 0 0 1 0]
1 = [ 0.99387858  0.00786813 -0.11019736  0.96257289 -0.0108051   0.99960146 -0.02608008 -0.04164509  0.10994824  0.02711113  0.9935675  -0.26993853]
2 = [ 0.95519575 -0.04197173 -0.2929837   1.96856843  0.03465327  0.99894519 -0.0301273  -0.04016798  0.29393916  0.01862462  0.95564266 -0.14117045]
3 = [ 0.88861666 -0.05747143 -0.45503567  2.92961257  0.02759613  0.99702038 -0.0720335  -0.02728401  0.45781971  0.05145294  0.88755491  0.10078431]
4 = [ 0.78249805 -0.06980706 -0.61872754  3.81016411  0.03331033  0.99696576 -0.07035404 -0.0191719   0.62176138  0.03444188  0.78244907  0.55318439]
5 = [ 0.66247254 -0.08783814 -0.7439184   4.59560204  0.02773479  0.99529643 -0.09282127  0.06253689  0.74857258  0.04085912  0.66179273  1.16661745]
6 = [ 0.50771821 -0.10067496 -0.8556207   5.26237254  0.02646263  0.99450254 -0.10131352  0.07603406  0.86111669  0.02879674  0.50759117  1.88807464]
