K = [1.37974e+03 0.00000e+00 7.60345e+02 0.00000e+00 1.38208e+03 5.03405e+02 0.00000e+00 0.00000e+00 1.00000e+00]
0 = [1 0 0 0 0 1 0 0 0 0 1 0]
1 = [ 0.99833305 -0.01004575 -0.05683485  0.41996619  0.01050706  0.99991419  0.00782375  0.02158674  0.05675138 -0.00840788  0.99835294 -0.21435837]
2 = [ 0.96223983 -0.02848556 -0.27070847  1.83855435  0.02253725  0.99943195 -0.02505701 -0.05279488  0.27126846  0.01800983  0.96233522 -0.13348237]
3 = [ 0.91614053 -0.0467805  -0.39811821  2.48745471  0.03301151  0.99859823 -0.04137401 -0.02264046  0.39949563  0.02476193  0.91640061  0.13476499]
4 = [ 0.85312304 -0.0708633  -0.51687471  3.26894676  0.02794606  0.9955171 -0.09035884  0.1717606   0.52096074  0.0626426   0.85127893  0.32830991]
5 = [ 0.7052545  -0.09130326 -0.70305036  4.34535138 -0.00612056  0.99085135 -0.13481895  0.41521567  0.7089278   0.09938473  0.69824354  0.88256382]
6 = [ 0.58100467 -0.11068381 -0.80633906  4.9754797  -0.0339645   0.98654974 -0.15989381  0.4794142   0.81319124  0.12028595  0.56943068  1.47679156]
7 = [ 0.49406218 -0.12154673 -0.86088847  6.51208025 -0.02466317  0.98782181 -0.15362227  0.07318712  0.86907669  0.09713119  0.48504767 -0.56018512]
8 = [ 0.15223526 -0.05322251 -0.98691022  5.73486091  0.07728344  0.9961326 -0.04179854 -0.23793024  0.98531807 -0.06990861  0.15575972  3.47236869]
9 = [-4.80300138e-02 -9.86476592e-02 -9.93962654e-01  5.99009732e+00  6.33981745e-04  9.95107907e-01 -9.87919571e-02 -1.14927073e-01  9.98845692e-01 -5.37513324e-03 -4.77325058e-02  4.33921672e+00]
