K = [1.37974e+03 0.00000e+00 7.60345e+02 0.00000e+00 1.38208e+03 5.03405e+02 0.00000e+00 0.00000e+00 1.00000e+00]
0 = [1 0 0 0 0 1 0 0 0 0 1 0]
1 = [ 0.99711746 -0.00981307 -0.07523619  0.62024679  0.01086783  0.99984814  0.01362268 -0.0605439   0.07509108 -0.01440106  0.99707268 -0.17908601]
2 = [ 0.96553018 -0.02372396 -0.25920772  1.76622182  0.01847574  0.99957238 -0.02266496 -0.05737226  0.25963458  0.01709465  0.96555562 -0.13780634]
3 = [ 0.91926871 -0.04629201 -0.39089907  2.42710156  0.03184194  0.99855148 -0.04337093 -0.00345334  0.39234057  0.02742255  0.91941116  0.10072643]
4 = [ 0.85386576 -0.0708996  -0.51564185  3.25412984  0.02818631  0.99552402 -0.09020783  0.18042132  0.51972955  0.06249134  0.85204227  0.33252022]
5 = [ 0.73057236 -0.09426716 -0.67629707  4.18314201 -0.02241037  0.98658126 -0.1617257   0.61480113  0.68246744  0.13330839  0.71865643  0.65895866]
