K = [1.37974e+03 0.00000e+00 7.60345e+02 0.00000e+00 1.38208e+03 5.03405e+02 0.00000e+00 0.00000e+00 1.00000e+00]
0 = [1 0 0 0 0 1 0 0 0 0 1 0]
1 = [ 0.99730787 -0.01179734 -0.07237288  0.59555173  0.01275995  0.99983598  0.0128529  -0.02959747  0.07220938 -0.01374177  0.99729483 -0.16401507]
2 = [ 0.9631375  -0.02750378 -0.26759988  1.81534114  0.02102517  0.99941306 -0.02704603 -0.04402047  0.26818668  0.02042271  0.96315046 -0.14604721]
3 = [ 0.91086762 -0.04543634 -0.41018986  2.55938199  0.03272705  0.99874335 -0.03795616 -0.06576751  0.41139898  0.02114874  0.91120997  0.14455205]
4 = [ 0.85040102 -0.06755434 -0.52178015  3.27867471  0.02727189  0.99604938 -0.08450957  0.13443597  0.52542778  0.0576371   0.84888374  0.34732765]
5 = [ 0.75382205 -0.08046462 -0.65213324  3.96863355  0.01467152  0.99428742 -0.10572262  0.31162267  0.65691481  0.07012826  0.75069632  0.79240923]
6 = [ 5.50608299e-01 -1.03802599e-01 -8.28284686e-01  5.09753062e+00 -1.69204925e-03  9.92097637e-01 -1.25456829e-01  2.74878341e-01  8.34762025e-01  7.04790695e-02  5.46081553e-01  1.61891610e+00]
7 = [ 0.38896217 -0.09882371 -0.91593794  5.55001602  0.01943191  0.99488872 -0.09909003  0.07082853  0.92104877  0.02074384  0.38889441  2.18719152]
8 = [ 0.15354019 -0.05834125 -0.98641863  5.73433191  0.0820925   0.99555777 -0.04610374 -0.1888776   0.98472648 -0.0738988   0.15764751  3.47212135]
9 = [-0.05073597 -0.02389931 -0.9984261   5.93975307  0.13166118  0.99082829 -0.03040793 -0.34056708  0.98999555 -0.13299674 -0.04712402  4.39767512]
